

7-segment display | Binary value  | Negated binary value
        0         | 01011111      | 10100000
        1         | 00001100      | 11110011
        2         | 01101011      | 10010100
        3         | 01101110      | 10010001
        4         | 00111100      | 11000011
        5         | 01110110      | 10001001
        6         | 01110111      | 10001000
        7         | 01001100      | 10110011
        8         | 01111111      | 10000000
        9         | 01111110      | 10000001
        E         | 01110011      | 10001100